#       left_pos       right_pos        score          E-value       substitutions      power
#-------------------------------------------------------------------------------------------------------
~	      87	      99	2328.54218	3.28718e-10	1854		1.00
~	     118	     126	2273.08772	7.6956e-10	2413		1.00
~	      83	     103	2261.15764	9.06294e-10	2092		1.00
~	     117	     127	1963.07616	7.96336e-08	2269		1.00
~	      82	     104	1935.59310	1.21697e-07	1878		1.00
~	      30	     135	1817.40030	7.07494e-07	1956		1.00
~	      31	     134	1817.10817	7.30918e-07	1517		1.00
~	     116	     128	1746.07149	2.07171e-06	2188		1.00
~	      28	     137	1684.48904	5.15062e-06	1452		1.00
~	      55	      64	1620.32339	1.36522e-05	1196		1.00
~	      32	     133	1610.97131	1.55457e-05	1553		1.00
~	      41	     112	1599.30991	1.88889e-05	1381		1.00
~	      54	      65	1571.82943	2.78825e-05	1756		1.00
~	      40	     113	1558.41829	3.38736e-05	1048		1.00
~	      43	     110	1396.47378	0.000383936	1347		1.00
~	      84	     102	1365.28655	0.000603312	1803		1.00
~	      27	     138	1333.50522	0.00097863	1556		1.00
~	      29	     136	1296.63586	0.00169197	1231		1.00
~	      49	      70	1261.48259	0.00283036	2068		1.00
~	      86	     100	1253.42086	0.00321847	1776		1.00
~	       8	     162	1161.62643	0.0123612	1924		1.00
~	      46	      73	1154.29671	0.0136045	1097		1.00
~	     119	     125	1121.90918	0.0219528	2243		1.00
~	      42	     111	1099.49068	0.030181	1099		1.00

