#       left_pos       right_pos        score          E-value       substitutions      power
#-------------------------------------------------------------------------------------------------------
~	      85	      99	6688.61945	3.79991e-18	5326		1.00
~	      86	      98	6116.26647	2.71116e-16	4947		1.00
~	     107	     116	5425.69932	4.72099e-14	4669		1.00
~	      84	     100	5126.04632	4.42175e-13	4918		1.00
~	      17	      29	5009.80041	1.03652e-12	3005		1.00
~	       7	     128	4089.97401	9.78464e-10	4734		1.00
~	       5	     130	3919.43246	3.49986e-09	6324		1.00
~	      87	      97	3737.40194	1.33312e-08	2373		1.00
~	       6	     129	3444.40442	1.18449e-07	4399		1.00
~	      52	     101	3406.59805	1.56017e-07	4933		1.00
~	       8	     127	3284.82973	3.8792e-07	4195		1.00
~	      16	      30	3209.47921	6.72654e-07	6567		1.00
~	      36	      55	3122.22720	1.2962e-06	3049		1.00
~	      61	      78	2657.08238	3.96592e-05	5912		1.00
~	      79	      80	2333.40106	0.000436133	4365		1.00
~	      18	      28	2045.73123	0.00353655	1207		1.00
~	      37	      54	1929.53132	0.0083087	1992		1.00
~	       7	       8	1921.31658	0.00884355	4482		1.00

