#       left_pos       right_pos        score          E-value       substitutions      power
#-------------------------------------------------------------------------------------------------------
~	      62	      74	4348.72518	2.07412e-25	3458		1.00
~	      61	      75	4050.53732	2.14069e-23	2676		1.00
~	      34	      44	3776.58752	1.4664e-21	3362		1.00
~	      31	      47	3686.19488	5.99889e-21	3025		1.00
~	      33	      45	3293.79177	2.58395e-18	2926		1.00
~	      32	      46	3185.49177	1.38735e-17	2479		1.00
~	      35	      43	3181.25060	1.48516e-17	3341		1.00
~	      59	      77	3168.80201	1.78105e-17	3471		1.00
~	      60	      76	3121.10331	3.76824e-17	3016		1.00
~	      63	      73	3051.90676	1.09557e-16	3669		1.00
~	      22	      84	2659.77122	4.69779e-14	2245		1.00
~	      19	      87	2260.46470	2.24657e-11	3305		1.00
~	      29	      49	1974.33205	1.86573e-09	3209		1.00
~	      58	      78	1916.57667	4.61655e-09	1631		1.00
~	      23	      83	1815.10620	2.20202e-08	2301		1.00
~	      30	      48	1605.39993	5.59565e-07	3521		1.00
~	      20	      86	1502.10761	2.72217e-06	2105		1.00
~	      25	      81	1461.27409	5.12364e-06	1051		1.00

