#       left_pos       right_pos        score          E-value       substitutions      power
#-------------------------------------------------------------------------------------------------------
~	      50	      81	1793.14570	1.00229e-24	1096		1.00
~	     107	     147	1647.19045	1.87253e-22	1237		1.00
~	      24	      37	1507.09546	2.77183e-20	1300		1.00
~	     108	     146	1490.17219	5.07243e-20	1001		1.00
~	     120	     133	1456.46090	1.69866e-19	1259		1.00
~	     121	     132	1388.95719	1.90481e-18	1305		1.00
~	     109	     145	1381.27967	2.51753e-18	1275		1.00
~	     105	     149	1378.19468	2.82775e-18	1336		1.00
~	      51	      80	1372.05303	3.48563e-18	645		1.00
~	     122	     131	1368.37114	4.00721e-18	1174		1.00
~	      85	      96	1356.48904	6.08866e-18	1350		1.00
~	     106	     148	1300.24895	4.59852e-17	1127		1.00
~	      25	      36	1285.12038	7.84787e-17	1229		1.00
~	      21	      40	1240.12261	3.90065e-16	1022		1.00
~	     119	     134	1198.54795	1.72598e-15	1156		1.00
~	     124	     129	1171.05275	4.58028e-15	1054		1.00
~	      23	      38	1169.73073	4.79817e-15	829		1.00
~	      82	      99	1142.20719	1.3032e-14	704		1.00
~	      54	      77	1114.80765	3.45815e-14	1253		1.00
~	      86	      95	1081.87881	1.13105e-13	1176		1.00
~	     123	     130	1060.48129	2.37891e-13	1126		1.00
~	      26	      35	1061.01330	2.37891e-13	1398		1.00
~	      52	      79	1038.57268	5.24142e-13	903		1.00
~	     110	     144	937.20864	1.96517e-11	1372		1.00
~	      53	      78	925.18251	3.0555e-11	870		1.00
~	     104	     150	816.96338	1.44406e-09	1362		1.00
~	      27	      34	644.47545	6.94765e-07	1436		1.00
~	     118	     135	513.47305	7.36726e-05	1017		1.00
~	      29	      32	409.54996	0.00300619	1295		1.00
~	      17	      69	391.93717	0.0056181	151		0.91
~	      87	      94	379.13887	0.00892674	973		1.00
~	      55	      56	378.93688	0.00892674	819		1.00
~	      20	      41	363.75293	0.0152015	916		1.00

