#       left_pos       right_pos        score          E-value       substitutions      power
#-------------------------------------------------------------------------------------------------------
~	      12	      23	1881.71938	8.28302e-20	1885		1.00
~	      18	      53	1460.32025	1.54262e-14	1629		1.00
~	      35	      43	1418.89467	5.08288e-14	1725		1.00
~	      17	      54	1223.87320	1.36104e-11	862		1.00
~	      36	      42	1040.33461	2.72323e-09	1950		1.00
~	      19	      52	1014.84321	5.70185e-09	1032		1.00
~	      20	      51	807.21180	2.18302e-06	643		1.00
~	      34	      44	743.87748	1.32362e-05	581		1.00
~	      33	      45	637.24601	0.000284385	458		1.00

